80 -155 671 410 74 100 -776 262 -58 -16 100 -164 33 164 399 302 23 -63 -168 -212 -375 -176 29 -556 71 459 81 81 166 446 -25 -470 -155 -798 227 -144 -343 7 424 432 130 -82 -139 373 -101 11 241 -47 348 -104 580 163 87 -163 -194 70 356 156 226 30 -580 -356 139 -254 136 322 -82 -130 491 -372 -651 -380 487 149 -526 -677 162 -192 129 -510 384 -65 -514 -10 745 227 53 18 -529 -465 -946 -176 585 288 414 -102 -311 -163 -9 -117 -344 67 354 -614 79 272 -399 -23 321 -796 9 287 13 -663 -133 -160 -485 284 -550 247 0 529 108 464 -90 -676 245 -160 
-226 107 -589 395 -470 321 18 -351 90 45 21 -227 46 -508 179 -136 -973 422 -311 364 293 -36 318 321 -172 -567 -554 -657 -650 -427 -145 365 -251 -71 428 -116 115 -560 463 -381 -492 -142 -149 -750 -166 40 156 68 -704 265 -12 -234 -323 235 -212 45 364 105 63 -103 -294 108 451 -94 -555 492 -263 59 -1 -588 229 15 177 -524 -161 69 -48 434 -386 371 -892 -159 -65 103 -62 49 22 -24 915 164 -330 -361 -408 206 -32 -62 -531 442 -89 -15 305 550 375 333 -237 297 -196 -113 182 -727 158 -475 46 180 320 -283 -418 -328 -290 171 68 -112 192 -136 -776 -569 -114 -356 
-157 -254 542 -153 -409 242 -93 258 227 272 -242 -147 288 -347 187 95 -208 55 444 -168 -532 -29 541 -180 -5 -522 -245 -216 532 294 -187 -252 183 335 271 -394 278 -478 -19 -55 -450 -12 375 -51 359 304 37 56 -537 -63 378 297 520 -483 -44 -422 -493 -240 -31 -543 110 67 -802 -354 313 533 32 210 111 -83 -284 -33 499 208 66 -10 447 284 -15 -618 -521 -360 863 -231 224 -83 -192 -256 448 206 -351 -390 227 -181 16 -501 -286 -384 131 263 -831 655 75 228 48 -446 123 -256 439 350 184 357 83 -575 183 -133 -209 -10 -593 -822 -115 229 -401 -372 195 -302 -40 264 
191 506 633 769 149 -195 -323 299 165 32 -366 -178 167 -273 582 155 -162 777 -407 -591 -216 -566 -42 -25 -21 -156 177 273 545 -99 274 -440 214 -353 -397 37 318 -346 -385 364 190 -332 -238 166 55 -73 187 12 26 497 -34 -180 101 -266 -246 210 -273 -89 -205 426 -808 321 -254 431 -40 -512 -181 418 291 -791 -738 -335 711 247 96 -239 -187 204 55 16 249 280 168 -242 12 40 169 -541 -371 -188 -509 -70 705 777 471 -135 141 26 65 19 -425 -257 60 -272 447 -161 -318 -694 253 -54 70 -159 272 564 841 25 -375 -573 -41 -291 284 -26 -247 745 184 -109 -163 -118 
-732 -107 173 204 96 -52 -291 -24 371 189 -22 186 -263 246 -3 -333 -175 340 113 81 492 351 -77 -450 99 -479 -398 -380 -150 115 -449 520 323 -784 361 675 -30 -89 -625 127 -384 -203 54 231 -231 159 71 4 319 -306 266 527 386 403 296 -230 -225 322 54 -219 194 125 -152 -354 166 440 398 -230 33 471 -668 -472 249 182 -443 170 -15 -357 -241 637 72 214 -400 690 850 386 372 143 -120 411 -528 -160 123 132 545 -86 -319 96 112 -21 -168 171 -135 -538 -89 310 -171 218 -365 -207 -20 -346 -102 -248 401 -297 372 173 116 204 259 171 84 -582 24 -913 135 -164 
118 211 -44 19 -13 -144 -157 11 -26 374 -37 389 -138 40 -472 81 599 -350 -338 -227 -33 -74 -410 364 639 13 227 93 -308 160 369 -169 -170 -516 190 -489 624 -39 -252 264 -546 -303 474 -37 46 113 -340 345 275 -302 84 96 -471 -365 464 -143 745 -199 117 -126 -510 207 314 -70 -431 -76 -882 450 -64 -209 -423 350 -86 -272 398 328 -172 88 239 -562 -298 -176 -117 -65 353 164 97 -11 8 94 -674 176 -426 760 95 7 564 -98 354 421 415 -284 -55 -686 -284 -234 -259 118 -183 162 263 286 -104 -58 -460 173 -21 -173 588 277 -24 422 -450 688 -327 -335 -354 -278 
363 94 180 61 457 -200 171 -8 -229 581 -206 786 268 -217 -189 -591 544 549 -21 -355 169 -501 -562 -155 91 -682 113 909 -496 104 644 13 -446 -218 -47 -214 -224 -201 -4 -229 -2 78 223 -46 84 195 387 532 578 -483 -619 20 -161 131 108 -164 -12 -351 90 588 -491 386 476 176 -295 303 -72 29 370 -202 -324 95 264 176 -330 539 15 -424 -215 -481 463 -782 256 -285 112 361 24 -157 -291 -366 315 420 -144 277 -105 134 260 -253 113 314 620 -183 251 213 -496 -129 -473 -199 224 -269 284 -37 180 198 -460 41 649 -147 325 328 717 57 -286 623 -93 294 -14 -337 
129 -615 -302 29 -469 475 165 -148 -671 -519 -320 -92 -236 221 341 -344 234 433 218 82 -135 -837 109 431 -527 -205 1296 -379 507 361 151 179 132 -160 509 -157 -57 60 477 -30 -160 -190 -278 -423 -33 360 -351 -120 -375 279 -51 307 -118 -224 -442 -358 428 740 46 -313 185 499 280 -588 -323 -221 -172 24 -775 188 470 -429 554 -134 552 218 -194 36 402 49 -412 -149 389 190 658 -190 -92 178 -138 105 -23 -81 -133 -373 96 -95 2 -173 100 411 -160 -179 377 -233 476 159 450 246 -132 273 307 -637 62 -260 -342 111 52 -379 -55 -21 233 228 -190 349 353 764 -17 169 
154 -86 292 196 -19 -224 158 354 -662 534 -88 -319 -523 585 -56 -200 22 -538 -188 -494 278 -157 79 -259 116 -103 504 -545 97 828 150 -19 -423 -389 242 -247 -556 -184 201 204 244 -340 276 -290 -237 333 592 169 576 -273 -158 -436 195 309 -438 -134 66 324 -37 26 -187 -174 82 264 -91 -488 -211 -101 -624 71 -130 -40 -207 -663 -452 -92 133 -392 -130 -168 -223 -79 -93 153 -62 203 50 371 52 -322 356 -462 -757 -499 489 70 -92 67 216 -300 657 -203 8 -301 -33 -11 -89 43 783 416 66 -642 418 -164 -528 33 225 140 -605 383 7 -446 -129 152 387 189 409 -245 
531 -43 -85 34 -136 -394 -487 -121 -104 -180 350 -230 57 -462 -230 -461 52 -346 284 -360 -296 -354 154 540 -347 65 56 -34 -572 -344 -54 -27 304 132 -504 276 -338 -497 245 -47 -85 291 -83 421 78 65 -13 396 -959 -421 279 -263 98 209 240 59 -593 -110 26 559 203 -136 -42 465 302 12 346 -341 -477 -596 37 223 254 -493 -220 827 879 -178 10 750 255 -267 613 -504 178 -563 290 9 222 293 396 -180 -85 -8 -254 -135 376 -270 -101 298 98 202 421 778 -714 124 -283 -155 60 -2 343 -598 24 99 279 239 285 21 357 -290 654 -534 403 -406 520 -292 -30 124 
119 -109 149 240 -535 146 -249 141 -69 -159 -344 462 412 -301 -338 60 101 243 50 318 39 -176 -367 145 674 -428 -299 -486 311 72 388 51 -324 -108 -258 -30 -102 210 173 -209 6 -106 -256 -147 80 371 -315 -338 824 5 104 708 32 -160 241 -101 355 176 -405 -521 -542 -205 202 56 422 579 -265 491 555 -17 -484 441 335 102 402 -121 360 -77 -146 -394 119 -189 -223 -403 161 500 -383 -575 -605 -389 -28 -520 185 -356 2 132 -170 329 -136 -173 -560 -12 -16 -62 -455 -258 -699 -155 -248 -502 -172 658 -793 374 203 -121 12 -885 -471 38 -248 372 -364 388 -718 -18 -29 -618 
-46 -11 -84 390 -92 3 316 -219 265 -352 -510 -605 -41 -21 51 -202 143 179 -61 -378 -141 139 -35 27 343 21 666 131 57 257 235 -189 -688 203 439 125 -311 633 113 297 1055 89 155 -354 132 -1 68 358 -366 -96 -286 -602 442 -263 -575 383 -650 -94 -31 279 420 -49 68 64 -93 -417 455 -32 32 249 -65 -170 -282 245 -254 66 -284 -106 -39 128 -407 -337 221 -35 -70 -210 -248 -37 -264 88 626 110 -556 36 126 188 28 227 -33 101 -323 -156 155 920 27 16 -63 690 -59 407 133 -470 -3 382 -484 -510 51 306 176 -330 -143 -27 -407 -51 374 354 -137 153 
311 -438 47 -254 238 720 192 -98 150 -202 642 799 -240 -141 0 186 91 -556 -104 -267 244 592 -253 46 -363 -570 506 -315 -609 -412 358 614 -557 136 -1028 -456 -195 344 140 -282 -292 534 -46 -154 62 -695 -123 97 165 67 488 79 -1177 -302 -610 -7 -165 305 222 -1163 611 -344 566 -137 61 -142 -667 -668 -167 390 702 476 59 -647 190 -152 -232 -269 -136 216 -318 -84 115 -200 226 -97 -201 210 -324 -53 335 108 -698 227 -463 -481 -424 -238 -483 134 277 -78 -253 352 416 -594 272 174 -143 -237 -527 656 120 0 -959 83 -37 212 139 -194 355 -231 27 372 -702 -496 249 -477 
-336 -114 117 -269 50 446 177 370 139 426 -513 -332 57 275 154 778 -608 -87 418 -287 442 -7 -62 81 -246 65 -495 424 276 -775 80 -105 -217 -34 -272 35 0 543 -40 190 -160 -115 -205 -144 509 -756 592 -190 -297 -612 218 -58 320 490 -134 158 -584 -191 -540 270 191 -336 240 -374 3 126 694 376 37 -350 -487 -152 -93 -39 -347 -183 -295 -279 -18 380 -150 -124 -49 -51 -564 160 83 106 -118 21 -94 149 283 -65 361 -496 -329 -122 307 -1236 387 98 -165 566 58 -301 -243 -381 164 -61 453 110 508 78 81 326 -170 3 6 319 -197 327 125 -704 -287 -291 702 -202 
258 6 558 142 -188 -276 39 -59 -635 636 10 82 167 -559 164 -21 357 -144 14 -162 -253 -510 -339 -225 183 -129 146 -164 -50 -183 963 20 228 -148 -211 393 -422 96 569 -106 243 -180 -16 -54 627 154 485 152 -353 307 213 200 349 683 2 -498 -158 331 -44 -57 -955 73 108 -192 482 -177 124 -276 -346 -343 139 -20 615 -116 -265 636 -157 -411 -419 -66 56 145 -10 -546 -389 -604 835 -708 -7 -624 -398 -25 -183 -279 -354 -69 384 397 154 -284 792 94 6 398 -28 -17 -17 -520 532 -390 232 -368 -74 184 456 152 -156 -643 705 421 342 665 147 341 -474 -438 429 -243 
-1 271 532 -99 -548 29 -162 -217 338 -302 31 398 299 -216 21 -418 190 126 -153 -113 -50 -449 -263 472 325 -140 600 -877 -271 696 13 -341 -222 123 133 334 198 -264 210 345 -810 241 62 95 -43 124 -500 -304 42 582 592 46 -568 358 23 37 655 234 -177 -99 486 605 -149 66 32 370 287 510 -304 658 27 -62 -161 16 100 -201 115 27 43 -165 -193 -472 -37 -187 198 26 -8 16 -101 -414 343 -286 547 522 120 -571 -193 -50 -171 628 -688 339 164 -23 -11 -397 -646 67 -92 -19 -227 188 -316 -289 130 496 -14 -489 -65 -254 22 249 -133 335 -401 84 322 -361 
-246 1042 -145 259 -250 -47 -74 -3 -163 332 -144 -140 -89 228 474 501 -392 -554 -288 254 -135 329 -640 401 -241 -26 -113 -746 16 -744 32 -152 254 -46 277 -414 -157 -120 -44 -382 -730 -412 439 445 202 -24 -397 60 -285 -238 685 85 -436 513 501 -544 172 51 -179 -397 26 433 -378 482 -250 -224 -5 594 -557 455 562 54 -231 45 124 -175 -350 -109 182 -65 -123 443 562 -305 -204 -334 -133 -364 -134 156 -11 -509 209 187 73 -259 -130 -394 -59 53 -373 424 326 -176 -64 181 -288 -8 -334 -19 -461 623 -45 153 -13 70 -56 387 -235 -135 -48 200 -253 -40 -163 229 -53 382 
380 -274 -844 48 -132 -201 -1 284 -502 -82 -696 353 -359 -76 -19 268 -363 83 -130 -20 -224 -390 350 249 382 50 -16 -315 279 -262 176 949 -136 -585 47 -106 413 -166 -31 -187 19 -357 242 -44 -29 241 301 35 -453 -296 -168 446 -275 227 73 140 -289 -553 -217 52 192 257 139 -177 -326 428 2 568 486 -635 144 228 591 23 40 -49 448 -13 320 211 -66 323 512 -111 -173 -721 334 386 -230 268 294 82 348 -82 600 399 186 -439 43 -605 -166 134 -30 4 485 90 308 204 -190 216 93 30 375 -1 286 -38 65 -402 187 120 42 -276 99 -410 184 718 -6 -540 
-100 334 267 -8 -267 -564 250 -394 204 42 -225 101 -502 -152 -804 49 147 -183 153 -196 733 -56 120 305 572 -18 7 -689 -688 443 227 185 -779 65 -23 220 -240 -325 -357 175 -586 53 260 -92 -201 -352 -323 427 -1 126 469 -818 -865 374 -121 -120 -246 386 -90 -327 558 299 187 157 -282 885 274 41 287 219 694 82 -16 131 654 -211 -38 -131 -435 -141 -407 -170 41 501 474 95 -379 318 -235 -379 -204 332 -64 343 165 -86 -45 -293 -244 152 -422 183 417 84 18 -141 43 343 -503 187 265 367 -400 386 -630 118 515 84 -375 -946 714 -366 -61 134 -250 86 -342 -61 
410 517 -33 84 204 -195 -537 -189 273 -817 -523 -350 -178 -376 319 634 266 -374 -607 -320 -34 -147 -340 247 195 71 -75 151 -155 -117 -150 -147 47 -566 442 -49 -156 160 -86 90 -121 45 -169 -141 -391 25 -454 258 -602 -291 155 -177 679 -65 598 840 53 -408 -68 -10 -409 48 21 4 234 108 141 -65 97 -679 -967 -37 -122 231 -704 461 159 -121 139 162 -452 -355 -358 -13 122 -312 -326 473 12 -43 -446 -429 -226 158 -183 116 155 406 432 336 296 -50 -285 -429 -426 112 -199 -259 -193 -719 -64 299 334 193 637 -390 -327 56 180 -399 142 369 476 403 -486 -102 80 -7 
-125 134 -414 222 -30 332 -561 -117 -265 -115 228 383 -432 202 -181 -298 -604 -405 98 778 103 600 -103 494 384 368 -78 -239 -424 130 -151 -296 420 -232 138 -100 359 -550 568 -374 -157 -185 334 57 68 89 294 280 91 279 156 228 -590 -437 -270 -583 -124 -86 147 324 -135 175 100 529 -861 172 -577 336 319 734 26 58 -185 -203 -145 425 511 387 -229 -862 123 117 -189 -293 588 269 87 102 -460 288 -293 -663 220 -81 419 -45 255 -220 -217 -130 -244 -429 85 -558 42 -293 -195 475 609 -80 -124 113 -511 17 -213 -189 -226 186 -507 381 368 -117 -553 -214 834 -410 -599 -99 
832 -37 -194 306 168 356 -847 244 -404 78 155 -431 282 -161 -616 302 3 -404 -22 43 711 92 -579 -16 -130 229 267 777 130 210 536 -41 50 251 -80 -320 107 -203 40 374 -300 -187 -296 22 -174 -841 -247 325 -644 -470 324 141 418 269 344 543 -148 266 146 581 188 -31 -365 334 -395 125 215 -102 -530 -489 -286 -873 -521 -39 350 -187 -100 47 370 396 -143 -344 -194 271 61 107 38 502 -399 -156 -559 523 752 473 169 347 588 84 10 148 304 198 -34 -25 300 476 -763 257 206 123 -99 -86 265 643 -136 336 -294 -4 -343 10 95 -465 116 225 353 116 128 -246 
59 -372 -401 181 -335 279 -505 -143 -865 1055 220 772 250 70 -237 -82 -257 -457 419 -272 -26 67 23 431 142 -311 -304 89 -642 79 27 236 -401 144 -752 -655 234 -78 96 480 205 -337 124 445 529 -97 581 387 -420 -308 234 -160 59 13 -298 -251 588 340 600 -363 -59 -309 -377 -224 -70 241 -482 -160 -68 -72 -248 -77 855 -339 3 256 -599 -480 771 -193 329 -409 175 -224 688 186 -780 165 -128 376 -623 -217 -118 -332 -312 204 -261 171 350 258 14 78 106 378 -317 -450 -333 -293 382 36 -447 166 296 -799 -666 -149 -172 141 43 -240 204 105 643 556 -158 -854 558 -504 
-214 -41 -546 -13 215 -338 -561 -204 143 31 -420 244 -202 -312 -120 812 -193 469 500 -149 -177 275 7 -54 487 -21 218 707 -191 -539 261 292 51 352 -216 -370 312 -419 144 -146 418 -45 -108 230 363 -36 359 272 -565 273 308 -259 36 -30 -269 476 -211 -208 -366 -159 -585 -345 -101 278 405 -308 432 220 115 312 388 202 109 400 -262 -99 -539 293 63 30 -177 455 487 -144 435 412 -439 -342 -579 -13 -323 -40 126 -47 -11 -15 586 475 591 -380 -25 -100 115 282 -138 400 235 370 -255 -511 -429 -126 262 364 -280 -473 -228 -296 -232 -752 404 725 -113 -128 245 -378 -450 364 
272 -210 101 -214 378 -20 -352 327 517 378 -149 -99 -236 314 -808 -197 361 -627 -178 -141 160 4 -199 350 388 -130 -453 -124 -64 -499 202 -190 -182 78 -722 -247 434 -185 -76 -34 96 -240 282 25 27 -283 -199 -14 -66 -107 454 -307 -383 51 -1 -283 833 -110 -296 -370 498 -46 -277 182 284 -115 -770 -447 194 495 -28 164 -179 -19 694 -272 658 125 -509 -153 -43 216 76 -90 331 -301 41 144 -342 -167 110 202 -13 238 -619 407 291 22 -412 41 1048 -325 276 -200 -122 28 -259 -260 -353 -214 516 -515 239 237 -296 86 223 -56 -49 -49 75 30 -330 308 521 99 92 -623 
-159 133 69 0 -53 -465 732 552 -32 -88 430 -298 -32 59 -246 742 -24 -387 144 -18 255 225 -48 -405 144 287 -150 -437 253 -77 -72 -237 543 586 129 316 -258 708 -436 299 -77 110 103 159 165 156 -168 144 -107 -360 540 -58 159 108 430 -359 -391 91 -628 -158 -62 8 -121 358 455 -431 457 134 -230 -500 456 115 0 -289 146 -82 83 -352 -164 259 24 403 -211 -597 -206 37 -152 239 114 47 218 184 -289 -414 307 -153 -335 -182 435 -542 243 572 -139 797 -49 389 531 -238 -454 763 520 293 -223 288 343 89 305 -39 -15 -430 -202 95 -106 -314 157 369 -409 213 
-182 -211 -62 748 434 500 -109 -432 255 195 -201 -394 412 -412 -130 -37 293 -167 515 -336 -125 -13 124 -16 45 66 -190 413 -119 -3 87 -1059 338 91 449 273 283 -47 -528 -14 313 -55 -267 288 -306 449 -533 491 -853 305 138 -458 348 -581 228 638 -60 -409 234 332 104 489 -60 253 225 -419 150 -348 41 -293 -689 -577 -500 982 -576 337 377 488 -171 -195 -136 -377 20 148 258 412 385 -87 5 152 -335 266 550 229 -25 287 -362 118 -558 -329 -242 -319 45 -65 -193 -343 -91 -235 502 396 572 173 187 -534 97 272 -65 -385 -468 -131 -580 -84 295 -243 98 -273 -557 -30 
-83 -70 -111 -147 -388 323 -667 -297 141 -87 -415 -176 289 335 -297 233 -124 -27 61 -58 -273 -29 -466 94 -28 -137 581 175 -126 -118 584 -15 -281 15 -93 195 -70 115 -238 -14 131 -116 -555 -113 182 255 -78 -551 -228 87 175 82 61 347 288 291 190 156 572 -64 -88 227 435 -110 211 224 153 165 -533 68 -611 -571 -283 418 152 14 -74 -465 -229 531 -35 137 141 -369 566 -8 363 -467 238 -107 -139 570 64 708 9 33 115 -193 64 -260 -311 195 65 -417 605 350 -278 365 -407 -53 -383 9 60 -94 109 311 -39 -144 -185 79 67 57 -51 -177 93 -108 -237 176 
162 -381 454 760 139 113 467 -207 -384 -428 93 -376 377 -271 -146 -250 -985 309 -150 411 132 184 283 56 -135 342 -18 -639 -11 -271 603 -4 81 644 -434 -23 521 -522 -48 319 -321 389 -593 446 -214 -286 317 208 -813 -197 298 7 30 -149 34 -259 -92 -364 -474 -629 334 -127 0 -28 -543 15 414 314 237 -102 389 -175 496 -501 -286 540 153 68 -567 -204 274 8 -249 -10 185 247 161 309 394 -122 465 300 138 -652 141 -22 -486 -416 -609 164 -5 87 -337 162 -331 16 263 193 101 -713 270 608 193 320 47 -310 219 195 127 32 -486 -207 -692 175 -688 -110 -210 -398 
56 -235 -230 -231 -278 185 111 591 -205 94 -171 -447 79 -421 120 585 715 -620 -221 -338 63 302 296 -256 177 265 -239 86 164 -442 44 -377 -397 -92 218 234 136 684 -271 75 97 517 305 -161 71 -73 -385 263 -254 74 -337 -404 -109 -299 -165 475 101 -128 213 -775 -81 -163 332 -467 -161 -41 276 -268 -302 -267 166 231 -335 -623 -50 447 340 -105 171 314 -33 162 -170 -167 593 179 -364 -50 22 171 1 -263 -348 -9 -426 -111 -115 -112 236 -450 -51 438 -700 -559 491 213 -117 3 2 514 545 138 66 -319 99 -221 -324 247 188 -221 -776 123 584 -291 263 945 24 575 
-340 316 -101 83 278 -228 582 -142 121 237 -399 -10 -160 -343 -649 65 -543 39 5 -90 -100 236 78 167 -56 234 56 -66 33 -353 -249 177 92 80 -573 -569 217 -870 -338 -335 -107 -91 164 136 -199 -692 -94 585 -1108 216 215 -128 415 88 335 360 -506 131 -82 -176 -484 -393 -657 -57 198 3 -7 402 -906 -265 514 230 -122 -41 -228 -138 -29 330 190 -90 -371 437 62 288 -239 585 -457 -82 -70 -739 152 42 -694 344 254 -297 -431 -240 -59 32 700 431 -350 174 540 -91 369 -131 509 -98 -22 -363 58 286 -4 622 -456 -140 405 77 429 11 -5 21 -267 -768 238 439 
453 -41 -281 -69 145 -97 -355 -253 380 270 -163 109 -295 610 -535 3 -74 -99 728 -92 -14 -466 -151 -101 135 -26 -529 792 -171 -542 -230 -357 -148 -198 -156 -200 -160 -433 -412 -547 519 157 285 593 -460 182 99 397 79 -248 121 -153 -420 161 324 -168 384 -7 -1 -227 -144 -526 377 171 -258 125 -442 228 -139 449 187 -66 -152 -86 -393 65 367 387 102 247 -403 120 964 -208 -453 223 -189 -52 87 -312 337 201 -33 80 -55 245 11 -700 -119 -367 -41 -161 500 -106 -754 396 -153 -13 -361 58 278 80 4 -184 -389 -44 444 357 -92 216 402 46 171 -578 155 -109 -440 -231 
345 -729 -136 340 -6 -518 -620 -260 -13 857 91 -334 -228 285 -160 145 189 -424 327 122 -5 304 -126 -338 285 129 -25 87 477 167 -86 55 -314 -241 371 -340 67 273 269 125 492 -750 -396 180 539 -691 312 191 260 -162 -324 257 -167 -18 -593 84 -424 155 108 47 -450 -482 572 -947 449 -158 68 -162 53 535 -503 -124 88 -85 -566 527 -39 463 -64 -40 -321 -403 300 -163 -5 -305 571 380 -183 -775 -17 68 -292 -232 398 210 -157 28 284 -815 499 -249 392 260 340 -50 321 190 961 -495 35 92 -735 344 -146 309 -111 -29 4 -276 245 -473 -287 -177 354 -416 -584 -604 
-674 567 -402 106 345 -126 -182 210 30 -775 541 -234 -47 -4 618 -38 -559 -18 137 180 192 -41 370 399 -332 160 226 130 -416 100 -735 589 570 -12 68 -304 -174 84 -126 -314 -155 -41 115 441 95 8 -738 482 -476 -189 -359 -395 40 -100 -93 113 -449 -343 -277 -232 499 55 -87 -796 -305 26 710 123 309 255 -205 -284 255 312 -689 470 -576 -362 239 98 85 279 -409 642 -262 -193 677 611 173 567 -503 -197 -258 -222 -23 198 39 -447 451 297 -575 251 -385 280 -121 -110 542 262 -522 -238 62 -127 389 -505 135 -210 1 350 344 -283 323 203 431 -285 -256 101 -67 -133 
179 389 344 -55 -294 -204 -536 -283 -213 -1007 136 -379 -588 194 -321 238 -404 -448 -52 182 -118 45 -54 142 -457 714 321 -94 -101 -585 -94 413 -42 -32 -15 15 -689 230 -456 47 -42 -359 -192 143 -472 255 308 409 -57 338 551 -145 -149 646 -281 13 -490 -271 524 -117 186 236 77 37 -398 72 318 362 -405 -310 -37 -308 105 -54 409 -410 -583 -641 33 286 -220 -318 100 6 -400 12 -63 68 -323 -195 -581 -224 647 -158 -378 -589 -86 -156 -169 -224 -372 -279 82 -656 -40 -129 -265 19 -363 25 -205 271 374 249 -131 58 -237 509 -392 227 -252 401 84 -272 416 -201 682 -301 
141 503 311 202 -220 -151 138 -130 -278 -139 -684 466 -598 -908 -275 789 -206 -27 177 -138 330 96 -212 216 -167 113 707 -37 -70 -149 624 986 -307 -517 -200 316 -336 561 256 -13 -109 -118 -593 -532 -40 206 372 545 -27 -314 -361 -417 -415 40 -292 10 153 258 14 -504 -101 200 476 180 -155 18 398 184 141 104 271 -32 -417 -411 -244 -450 372 -474 19 -122 15 -417 351 -574 -248 337 -147 11 -580 -411 367 -204 -144 427 329 284 -239 283 663 -221 -63 104 -263 325 42 329 87 -64 481 -50 -579 -234 117 -29 -82 -2 263 -272 -334 144 -147 -437 180 99 -133 269 420 -200 
-699 224 -76 107 408 -470 615 70 -65 -297 152 433 -639 51 180 295 356 -53 43 -163 -412 183 -428 123 -349 17 361 226 241 -427 -254 -635 355 125 -94 -304 -166 347 435 -70 9 211 356 42 3 -269 -464 327 41 -332 -101 235 62 -392 758 -48 3 -294 135 37 -279 511 -331 -50 325 -766 52 -198 733 -241 -19 117 764 -574 -215 162 2 -161 225 -414 428 -115 -548 -154 444 -199 -155 -220 -453 54 -141 318 -310 -14 151 -122 -169 -208 364 171 487 215 129 91 277 93 101 -119 14 70 298 -46 -144 150 -74 -282 -344 375 656 151 -57 611 -41 141 -29 169 -332 298 
90 14 462 -567 395 30 258 112 120 412 87 172 246 806 -217 158 427 20 -320 -905 148 6 -92 -95 -313 -371 -259 -145 299 -349 -499 -144 125 -460 -495 -593 87 -779 -358 4 -863 65 410 213 293 -94 -2 -720 -325 7 599 -104 261 -436 470 246 774 -227 198 -576 -475 -483 -399 -313 155 -554 -237 -214 34 -231 -173 -484 1033 297 118 70 48 164 -11 -330 18 358 -414 146 123 -233 248 -587 288 454 -375 -325 312 358 592 -43 -361 367 111 226 -85 688 214 -505 -200 -177 55 -72 621 22 -40 -484 -64 -204 226 -78 -379 67 246 551 260 435 -248 207 -49 -205 67 182 
-318 -319 164 304 -551 683 -313 380 45 -159 -229 -482 213 501 162 50 -34 97 -104 -152 35 472 257 21 184 62 232 -370 594 419 265 374 93 -9 -109 -388 -15 321 -251 118 510 -394 117 185 -281 181 585 -366 -312 -135 -71 -20 274 166 -29 -678 272 65 162 -367 -26 -85 -7 220 33 -258 682 -248 63 -272 286 -300 -458 417 878 -486 -336 236 83 -356 -437 -348 196 -156 -541 -661 -170 -29 77 274 -552 245 -124 -284 580 -282 -477 273 -178 -486 161 263 471 -349 442 271 232 181 -238 55 -438 141 4 391 341 -278 -52 -47 -229 142 110 -251 127 135 142 -318 -111 -767 
-348 705 716 260 -11 -961 413 -142 -205 -5 68 -5 239 4 -218 46 539 161 -315 399 -397 -98 -225 -468 -138 -443 -390 -119 478 355 -476 396 -235 -558 308 25 -375 -42 265 359 -89 -582 177 -192 -30 -107 416 224 532 -277 101 191 151 -1 391 420 -356 35 195 0 -527 301 650 131 62 53 168 574 52 -167 51 -423 -102 3 -219 171 80 284 -249 11 -471 -378 17 -555 -262 338 529 -267 511 -571 -302 330 221 1 -204 187 130 40 433 354 -45 -86 0 -16 372 275 160 -284 -62 625 -534 -23 -187 125 -57 -92 -27 100 403 338 -14 -292 -341 -76 -130 -671 52 -335 
-313 56 -800 50 -607 -458 137 464 -19 -481 50 -563 563 -894 137 391 202 169 -213 352 224 152 -578 -649 220 572 306 361 -301 -115 355 339 333 -505 335 112 141 908 237 280 126 -42 -161 208 -183 -108 -650 -429 -612 340 -159 170 -256 -3 89 234 -153 471 -116 106 -363 160 -189 480 546 -553 536 -149 -990 -113 307 387 -456 287 496 45 -621 293 437 607 122 313 -359 -189 -53 42 227 -56 324 -781 -146 -145 -481 347 -45 188 810 655 -398 352 165 -253 -673 159 -287 -75 63 164 -421 294 -103 -580 -71 -169 195 -228 -238 -68 198 618 -33 -222 455 -75 -158 226 575 309 
-171 205 228 -169 -244 -350 460 -202 -341 -461 -18 -193 141 -573 -870 494 284 -590 -74 -472 -241 192 264 -52 176 428 359 -242 -64 120 -368 -179 569 -314 -2 -67 262 -475 -386 536 82 -639 -63 30 -148 -1 -590 200 -230 670 288 -82 -167 -105 762 200 -259 91 -500 -45 -606 -323 -445 316 502 -504 304 277 -273 -23 -241 538 -643 -147 -381 -93 -416 285 185 -248 8 -23 -817 -103 -473 253 -114 -202 -89 -559 261 -163 -44 218 319 -314 204 272 101 -41 393 -507 -133 -134 -312 85 -399 -700 740 -316 54 396 -8 -36 -163 226 -324 -215 -86 -117 -119 576 56 335 -384 181 53 191 
58 41 66 268 276 -115 320 -198 134 242 120 298 -615 384 -485 -267 121 331 274 -46 463 -172 -288 -86 166 9 561 407 -397 99 40 -67 -345 -579 34 -552 -242 -182 471 -1019 465 182 69 -43 540 336 64 -394 89 267 113 -71 26 42 -239 12 -174 61 163 -157 17 -48 1107 -853 16 397 47 -83 -16 -212 -262 -64 -117 491 -421 311 21 152 -398 -403 -663 -296 160 118 -502 88 30 -67 -216 -205 -119 158 -277 -412 394 216 -236 -484 163 -185 -256 237 74 412 39 33 -210 -183 150 187 -42 -20 -85 180 327 -407 534 -146 -210 -445 -52 -216 235 -207 -133 -373 -363 -499 
-254 489 123 152 -282 316 -98 334 -299 -356 -148 179 292 245 -767 458 -337 -191 221 -292 -56 -305 -431 -42 -191 -622 -671 1367 149 -64 319 -349 -725 111 -580 -62 -268 129 210 624 -22 204 6 -345 -362 -703 -152 -90 -261 181 491 -678 -29 -569 275 348 269 664 -30 244 -210 -645 -46 307 -167 -352 -302 280 -57 -217 -478 -885 -190 -40 -328 -136 -340 355 52 510 -354 49 -286 -2 -46 -5 -42 301 -6 335 -154 506 305 871 -274 88 532 202 -251 -72 411 -1 -385 -45 184 263 -554 -668 -78 240 -446 -535 457 -422 -114 182 106 -151 162 -264 -133 577 302 369 -293 -350 322 -158 
-1093 114 -135 -162 55 185 7 -30 -150 -503 -352 236 84 1 195 297 -41 135 -73 -199 209 -1084 519 694 111 50 -374 44 -79 52 -206 0 407 267 -400 174 -194 127 -552 -640 332 -103 -105 156 -247 142 -763 -164 -459 528 640 -732 -104 302 513 113 -115 156 -140 115 137 -264 181 -675 257 -429 -330 -160 136 623 -872 70 -271 61 -313 638 -145 481 -145 -269 -405 696 87 671 -438 263 275 438 537 -28 -55 192 178 46 -642 15 418 242 173 -375 -245 150 321 -447 -151 277 -196 -243 11 318 -247 113 290 -656 352 368 -260 -128 -29 189 -93 224 878 -537 -224 389 24 -111 
215 -361 -339 263 515 -337 351 -119 -489 589 494 348 119 -138 294 -278 431 -365 -62 -199 510 -354 299 -127 -443 -29 351 59 337 78 -197 316 -216 -24 177 63 -213 357 -309 -153 307 -108 383 -548 -761 -47 -400 -640 346 -90 -84 -178 -232 -151 525 164 9 242 258 326 7 326 -75 -406 -244 -378 -334 190 -293 -305 167 111 167 -313 -645 200 -354 557 -47 452 271 -16 -340 490 53 -80 -39 230 310 -188 187 157 307 -233 -64 537 652 204 -481 -663 203 -514 -273 202 252 178 -172 -511 184 319 368 76 -257 97 -61 -413 43 -386 453 118 -418 -628 618 -277 -223 437 34 127 
102 6 228 -89 223 -404 -144 -429 406 524 -145 78 75 -28 414 -258 52 -163 368 685 57 95 -905 170 463 114 459 170 31 554 540 666 -266 -191 554 -55 -184 -136 461 -10 -178 167 -342 -106 575 -83 202 -152 645 -956 146 482 68 263 126 -357 -237 -174 410 491 286 58 260 -156 -107 231 -76 169 138 -69 479 -485 526 505 350 -124 -36 -66 -89 -39 87 -509 -256 -217 -108 -224 -340 80 -866 -313 -505 -76 205 -495 -11 793 -83 178 443 100 -9 308 119 -191 -689 -592 -282 343 -38 -592 -410 -95 315 -67 -403 -213 49 -33 79 47 328 -606 -520 -5 -258 -103 2 -448 
17 276 693 -86 802 21 474 472 756 556 -51 192 78 -124 85 80 -426 -49 729 -39 735 -701 487 63 72 -200 111 204 39 -144 -75 -425 -86 222 287 166 -712 342 -161 -372 50 -5 -221 -319 1 57 602 340 135 -375 -237 -586 455 -162 -138 -195 -116 2 -425 -220 -58 589 174 428 -436 393 -93 -351 299 -692 -124 -438 -145 534 -348 128 85 -206 -146 -217 -276 -340 21 862 -440 -63 79 -504 372 -384 10 267 -368 -397 -206 384 -147 -286 -332 77 -64 -240 -828 187 100 -4 -289 139 933 327 800 -288 693 121 525 103 466 -218 -40 95 -189 -202 -326 -563 -139 -302 550 72 
1054 -275 289 -131 234 -423 582 57 -410 199 480 -534 -224 -271 -194 -79 -350 120 -191 -208 288 -329 262 -329 -15 -54 -320 -272 -3 -212 51 864 -205 98 -229 72 -538 -315 459 -21 -340 -50 149 -254 408 -274 663 -412 -43 175 408 608 209 -236 165 426 -161 -372 -369 -154 13 181 -91 245 -446 -32 -134 -9 314 -681 677 -101 -230 -47 958 -43 -598 -668 -220 614 -78 204 -327 219 -528 -501 -110 -144 -216 -209 253 271 295 329 629 129 -82 -128 -265 418 314 -52 77 273 -963 108 -293 247 -8 -611 625 -245 149 827 291 -282 662 225 -557 261 543 -17 -201 58 -324 374 253 139 
422 -508 -439 -226 109 0 -84 481 175 516 -199 140 -246 161 0 -162 27 -259 230 -208 279 654 -84 -134 417 582 254 -50 -265 -48 716 -245 472 -131 556 -265 -98 -145 -443 -551 72 -3 459 -111 85 -162 -113 -586 323 63 -448 333 -62 167 -354 109 30 -116 385 -538 454 447 182 58 71 48 -53 -195 -680 326 -109 621 -321 363 -240 301 -183 215 219 -259 -828 -202 47 -212 63 551 97 22 -37 -158 -526 245 -338 -349 -253 304 372 -452 -328 -203 398 -40 -86 326 -405 -658 -180 28 419 587 423 -605 222 67 -683 -14 -241 205 -114 678 -60 69 -273 -419 284 341 116 -625 
-172 -270 140 -491 494 -740 103 -115 329 -114 300 -75 -436 360 126 -319 512 -48 -412 -572 -39 227 390 36 857 258 694 -193 -138 -1 576 -203 456 105 -88 311 325 -202 227 137 168 -236 235 836 -428 -86 -295 203 -42 313 292 -671 -88 164 178 475 -331 -397 -410 422 191 -335 -154 176 146 -528 -193 -6 -627 391 -7 478 189 140 44 276 434 147 612 -87 37 108 -332 469 340 552 508 -495 405 -227 84 -278 15 628 158 386 423 -6 3 279 108 73 -401 -259 433 86 -12 -357 -310 171 -892 218 -217 -48 -385 -95 -421 -168 214 171 -1 221 248 -238 -50 648 -773 87 
189 117 -430 154 -660 181 -5 -351 247 475 -337 60 318 -243 -649 222 -504 -467 -19 477 393 400 -54 37 -232 -296 -10 127 -310 -564 560 133 934 -254 -527 -119 148 -186 -295 -979 172 42 125 28 469 94 331 -170 -712 -60 -243 576 -92 222 450 -151 241 354 99 -242 -232 -221 -285 -41 382 410 23 -460 -523 -81 283 -268 -333 889 -290 179 154 141 -619 -251 207 27 424 -191 -220 -467 451 -637 -13 28 -427 258 317 250 422 516 -107 708 -494 -670 197 439 104 345 -152 -132 233 -200 818 -257 -95 -150 -34 301 60 -73 659 -491 -96 235 -491 -323 88 -19 -59 233 -286 -241 
65 634 -234 -591 -86 -183 -736 -23 -28 372 285 379 176 53 16 21 178 169 418 692 362 -268 -178 70 145 286 -440 416 56 159 -28 -95 400 312 288 -229 -455 -13 100 44 -652 188 -189 -288 -411 154 -62 -244 218 -2 221 195 531 31 -69 -185 466 -456 212 59 -62 583 120 404 508 503 92 -180 -491 11 224 -332 -182 182 828 34 488 87 108 45 -530 -455 -55 209 38 111 -612 330 464 207 -115 68 -25 -74 -331 230 267 -127 93 303 -355 667 236 129 -328 457 -465 -15 715 666 119 -737 461 -87 20 399 492 -4 -110 -268 -262 -323 324 -182 346 15 -227 71 
3 129 489 -11 36 -462 -113 -33 -162 -6 -333 340 -273 -5 -228 -402 555 586 -649 76 -421 69 -459 -200 399 -198 -192 -469 363 417 349 -73 -305 172 170 267 -56 272 -646 466 131 -41 211 -161 442 464 303 42 855 6 -203 888 84 382 -751 -371 -99 70 450 -472 -167 287 544 -128 171 -110 -196 428 550 371 -279 223 521 -319 408 -726 -292 -601 -287 -266 193 -128 321 -615 53 74 180 -437 -260 0 281 -98 -240 -27 -895 -467 -227 -483 250 473 -626 -14 336 -399 315 86 151 381 -248 222 -141 116 -439 21 179 587 275 262 323 75 134 -198 -1100 589 237 -16 297 -287 
-183 -297 32 -385 643 43 -69 331 -194 -157 316 206 36 -10 414 -412 -264 139 272 -48 -633 269 143 -300 -435 312 82 151 226 -121 3 -277 443 489 6 -112 -962 318 -506 23 697 -253 -435 -162 -251 -40 -350 72 381 -14 -258 759 44 57 260 -211 112 -266 428 -294 119 430 34 249 712 -6 581 -146 -223 149 140 -57 -554 225 -301 -43 -128 191 98 -238 -284 50 -193 -164 -322 -135 -79 240 224 196 710 396 -136 -1045 -498 -457 -152 175 -148 78 -579 -745 -295 178 406 -133 -83 33 -216 128 -515 -156 -214 -188 472 692 -157 107 4 228 -169 -311 52 -101 -183 24 440 515 
-481 72 142 -137 -205 35 165 -348 -191 -96 5 83 436 447 -591 -87 -279 13 105 110 267 368 -113 24 375 402 504 -334 -252 -150 118 -368 -87 -231 159 220 685 -257 -588 165 354 -97 -143 75 -311 127 -226 -396 -477 24 256 -506 123 245 204 37 -227 166 -167 159 -92 -409 -199 -276 554 -280 282 87 4 63 303 -110 154 237 390 80 325 170 -196 149 342 160 -486 0 -86 212 10 24 72 463 -309 -154 -289 239 689 -735 649 291 30 -226 167 -305 -16 -457 -87 -491 112 0 257 214 59 -498 -142 -209 -318 -95 37 -691 -55 -366 494 172 -164 38 -21 138 -275 -360 
338 -137 161 -449 602 -708 -152 -34 84 -176 236 1013 53 255 -797 -44 691 -207 -727 -331 -155 92 408 137 300 -187 -106 225 268 -28 -6 49 -13 617 -161 -413 281 -284 -839 356 -337 473 446 -2 -363 51 -209 -154 277 -548 306 185 -216 -507 299 728 400 -520 456 -624 -46 34 29 411 -292 286 -26 -55 32 -297 -193 219 701 184 -42 -352 289 413 -183 -157 58 80 52 255 -309 602 -167 -165 -232 167 496 262 -71 432 -129 33 -160 -161 -580 -152 -308 128 -355 -193 -66 -52 381 497 -158 128 352 108 -377 -394 284 193 350 90 252 -590 -150 -43 -27 -318 -475 -433 33 5 
456 121 -314 -50 -334 -679 -636 -160 -505 299 -183 -330 -468 238 322 90 27 -513 -82 -17 121 -419 -330 413 353 49 -371 425 112 119 -162 77 -24 -917 530 -61 146 28 425 473 -43 -596 338 -409 -320 -293 181 -94 -244 112 -418 -216 -344 777 -418 -75 363 -324 -166 181 -420 100 -451 214 309 130 215 144 379 85 -217 -206 286 -563 -534 -37 -119 224 471 455 352 -304 -289 145 -495 -440 207 98 -89 30 -318 -195 -132 -97 98 387 14 30 -144 -160 384 -466 120 -633 -330 -126 -205 -39 97 -285 -303 -354 103 -210 246 380 -43 257 63 293 421 -87 439 121 -647 331 426 -338 
-180 -457 -397 -19 357 508 -36 -119 301 124 -379 295 -417 296 -358 -395 488 -175 63 -149 -309 154 -12 731 -412 -204 182 -201 -134 -856 272 -98 -367 -136 -222 617 161 62 94 274 477 85 -397 -214 291 221 -145 -208 102 369 271 -472 241 40 24 763 -208 -46 60 393 224 -119 -301 34 451 -386 -798 -305 289 24 -304 -21 270 -269 130 13 236 -370 63 575 83 -289 224 166 538 -673 10 -572 -188 786 -72 -6 -270 3 -221 136 182 481 337 341 465 -337 388 189 17 -154 256 96 -315 -75 -373 -598 -92 92 -11 319 -10 -40 704 199 364 42 -220 565 71 355 -128 420 
313 89 234 -74 -31 43 -224 -286 84 -138 -35 -37 -126 184 -189 538 96 7 823 -157 -436 540 -81 -89 425 311 162 389 -29 -748 -532 -162 411 -74 297 273 128 28 -116 -317 432 10 297 -287 348 -179 381 -547 137 212 -126 -416 -38 -578 -256 44 174 -272 -169 0 -233 -134 -173 435 350 -63 64 -108 264 -780 -195 474 -418 246 -235 89 -163 107 -277 -714 162 139 -287 1 149 254 -110 -203 -4 -232 138 67 225 -548 761 93 -222 -15 90 -770 308 -267 107 -493 -687 -105 -83 432 206 119 -39 -253 -84 -61 -114 -122 -478 -27 -937 347 -211 738 231 -618 120 -706 -323 212 
73 -26 438 -314 -490 -399 -755 -112 31 364 -6 285 178 -249 -361 -62 61 -162 433 -65 97 246 -236 263 362 -324 429 383 -110 -132 -147 -262 -192 -145 596 257 339 -486 142 379 -442 -212 534 -488 -126 2 -369 -4 227 90 76 -24 68 -60 197 331 248 350 157 77 -167 228 -462 -215 309 122 -602 -349 545 -560 -193 -329 -303 -754 -137 118 325 147 25 -45 -137 -414 172 -399 -17 -44 -272 89 481 455 39 -341 220 249 43 57 686 305 295 -482 515 87 247 151 -20 -272 -181 306 140 302 -94 -65 303 26 -29 -125 -473 -174 -754 -316 -240 151 320 -136 502 -375 -26 -67 
294 -175 -32 125 6 -180 -670 -148 -26 402 -7 11 -205 -129 977 -269 131 -67 -453 -220 -113 139 139 -112 -18 72 -478 43 -6 352 334 56 335 -349 -150 -247 -150 288 186 -550 -24 -123 -58 30 -473 -151 -477 49 -150 505 -119 -490 -35 88 -696 -219 972 -353 -30 50 -258 -91 -120 -395 66 95 416 71 13 405 139 18 -164 69 -705 -124 -185 308 -436 -131 364 -519 -361 -125 -262 204 171 -185 343 -159 -242 247 436 215 -65 -155 -85 197 31 41 33 182 -185 -67 -137 436 -359 -340 147 65 61 354 -167 -280 235 -215 -266 -488 -322 225 -384 328 86 -67 -473 161 -632 -382 
363 580 -34 -205 518 -279 -457 -500 -370 53 106 -47 -166 20 -289 207 8 -687 -629 -516 280 -250 -397 453 456 102 -74 235 -132 371 -48 -283 -387 298 142 192 358 -2 317 516 -209 6 147 343 -206 -552 -29 26 -12 152 -283 -407 -37 842 -47 270 213 166 -251 466 -405 -238 -55 401 358 415 -188 -218 -102 -753 -44 141 106 -451 -109 -268 -225 75 152 64 523 -545 -23 305 -323 -31 -126 -6 -369 112 -268 165 -426 404 192 501 -244 367 226 229 3 456 -128 -83 -506 -78 -178 305 -104 98 -485 -342 -349 226 -47 -194 -353 -382 -254 -78 -191 -22 -189 240 225 -77 -403 -173 
147 -320 0 451 50 -473 43 193 174 -127 -485 167 139 -545 280 -62 92 497 575 64 -258 8 -122 -638 -183 -78 641 -183 -385 -568 387 -118 -93 150 624 267 -69 663 -250 -183 347 -42 -180 -23 -64 411 97 -253 -3 -360 -834 318 440 249 421 621 10 170 327 -132 -727 772 177 43 -477 235 166 136 346 -441 112 155 219 460 122 253 -221 -641 -425 -2 20 -178 262 -251 656 210 -461 224 -219 210 -555 193 -363 -385 227 -77 521 -27 865 373 153 101 -460 -113 -204 -295 156 -81 -247 -27 431 -181 -261 171 -327 -688 74 -274 -82 -278 559 707 -259 507 -586 118 -9 329 
144 -239 490 397 230 650 -13 -170 393 -489 -285 -171 178 -97 581 -245 -64 -376 -577 202 76 517 -62 -252 49 111 796 -425 43 25 134 -480 -200 -39 841 230 824 -10 620 -421 202 67 -432 605 -423 -156 -111 282 -262 214 -168 213 -108 220 -223 -8 -409 -163 282 166 174 86 -3 424 -377 -1042 -311 166 -175 30 506 62 -393 -143 161 707 392 83 -216 -333 -338 -442 294 480 1 -201 -350 -397 -331 377 -126 -91 -981 -92 12 -518 -359 -243 -370 -139 414 -378 -576 -207 333 38 -24 191 83 -263 112 -95 142 728 225 -2 92 132 528 -355 -542 -353 -364 493 556 298 -629 345 
202 -15 -30 303 255 -66 -121 -304 -587 289 133 147 -74 -14 313 -10 -159 -29 -27 -401 -392 -272 245 -169 -241 698 486 -72 64 643 -51 125 -419 291 -131 -235 -314 116 397 -299 308 -221 673 -31 -35 -289 91 -184 270 470 -385 119 -131 229 132 220 418 -116 337 56 -215 -168 191 30 -3 30 -202 34 -41 -73 147 184 -645 -57 198 -25 -316 -74 178 -570 -49 153 268 -103 269 666 -432 630 -320 -393 -289 225 324 274 -87 -541 120 -145 182 316 96 178 109 -480 347 -134 530 143 -15 661 -350 450 85 -252 -78 681 62 207 -396 -125 294 -176 -45 -7 -275 -294 -10 252 
-20 -292 -641 -291 456 -220 325 -23 539 487 172 210 153 346 -100 674 56 235 284 350 361 37 429 573 -135 -310 -22 -73 61 -601 -395 -72 -200 629 -142 -433 3 -47 -967 299 441 239 -245 -672 282 -514 54 -366 -38 -645 -273 -308 12 -674 54 -178 -132 -78 403 -352 -158 -42 23 185 -403 686 425 -361 161 -14 -19 304 879 264 -244 -246 -90 242 -253 -14 -116 -23 -181 -35 598 -117 -228 -54 -41 55 489 -78 -403 -293 58 530 -137 -93 -217 -4 -555 37 296 -29 332 -382 53 308 739 104 632 -72 -731 146 -327 -953 -174 238 189 -72 122 -105 -328 10 -1 -254 405 223 
24 342 -343 -14 -215 -275 -199 49 351 -354 434 178 -97 -260 -260 48 280 -113 -299 277 -368 -53 -9 288 380 -117 -409 -109 0 542 -379 -284 -31 234 415 -69 -36 -349 520 652 -51 -204 147 -515 -130 -96 -523 557 -194 -213 -409 235 351 -450 131 410 -65 -604 -102 76 285 544 -78 371 3 -159 66 75 715 -358 -113 -169 -172 -670 -157 2 439 23 328 397 -183 -222 -403 -40 -212 -494 -160 50 -110 236 -37 -102 -487 297 -66 -283 -137 -251 370 670 -82 -2 353 406 11 -54 -286 287 -457 -500 910 -159 90 408 413 -47 156 186 -208 -227 -9 -56 -659 153 136 -212 176 -98 
-743 -22 262 77 670 140 26 192 183 369 -805 210 735 -310 172 134 -457 501 818 -628 216 -419 354 -321 114 -206 -432 308 37 220 -162 -23 -140 6 -18 -72 -496 110 -38 -280 559 226 -352 184 334 442 -64 340 476 -236 -245 -396 -71 -133 -1 231 -823 -78 287 598 -612 -154 55 -6 424 -1 13 261 634 270 -367 -158 446 486 -426 177 145 -20 -393 -94 545 313 429 126 531 -463 -143 -64 -346 246 -568 83 -158 -555 157 241 -267 293 77 -563 -688 232 353 269 -58 -131 19 328 -2 -270 -531 -164 365 235 -301 -175 -392 177 -235 -430 343 289 311 -309 205 184 36 526 
165 163 15 -555 496 -174 52 -361 -435 -281 -335 62 -375 303 -206 263 -594 100 -66 -280 -481 -30 -338 -332 205 -47 -409 27 -126 -232 363 -93 -75 278 -526 -240 163 -957 -29 97 -308 -280 -43 223 642 -331 320 67 84 733 104 260 0 -143 -479 1079 -87 -46 471 73 -549 38 -464 111 337 -246 -272 300 87 159 -64 -347 -246 88 617 -108 -316 45 -9 92 -242 14 123 270 -49 90 253 -396 -375 -129 -267 -77 256 526 -41 -116 -544 209 -753 163 283 -310 -485 -222 -27 -893 -124 163 721 -98 -143 -326 454 595 -490 132 -384 574 -96 110 -238 876 -308 521 -387 -69 664 466 
796 -172 433 608 -183 -392 -350 -74 602 509 -218 -566 -343 -170 460 81 132 145 -533 -51 -163 -15 537 338 145 -699 581 -133 220 -384 166 26 -221 -15 238 7 244 -167 92 -296 128 -159 662 -185 -62 60 496 57 580 -50 254 -504 -253 -42 -657 -433 -280 -198 164 -134 61 -341 103 331 -471 48 -90 -14 -238 139 -399 489 377 -90 -303 -70 141 428 -245 242 -612 -190 1039 -366 387 -127 -381 -209 -454 -160 535 50 -37 -14 -390 176 -352 -424 -125 -427 -302 354 451 203 395 15 -32 -295 463 199 -211 -155 -134 223 276 -409 575 303 -83 -534 -69 -420 -78 19 364 -156 -305 -247 
-578 869 154 -31 722 -391 143 -201 476 507 83 301 -52 -240 252 229 -773 -31 -546 -263 564 575 -232 568 230 184 132 14 -124 -147 185 51 217 275 -127 359 425 467 23 543 -269 311 -248 -256 118 -292 -476 179 -332 -175 63 -339 -233 -180 294 -219 146 469 -42 -557 -150 -151 608 -226 363 -112 308 350 7 -144 842 174 148 171 20 -735 137 604 -711 3 249 411 -641 -217 828 -250 433 -325 -83 27 -215 245 -279 82 61 396 -242 346 120 -54 -68 422 -761 268 577 -183 325 123 2 82 -433 -725 -169 -28 52 -516 -358 -168 781 -492 -222 -415 98 -344 -422 -600 -477 365 
-154 680 428 46 242 678 208 -196 387 10 -184 266 -267 619 180 635 -196 285 -222 94 612 101 -205 193 -606 -866 487 -76 -121 209 -295 -568 -408 280 -164 -196 -290 554 -355 343 -451 535 78 -238 -782 -12 543 201 153 -845 464 -1007 -216 -181 383 -77 -142 -163 -25 323 34 -96 -130 -7 41 -102 -298 330 93 253 96 -365 -84 380 281 -289 470 -502 260 -151 213 -69 -97 105 -84 103 -279 -317 214 229 -403 -159 -477 795 532 -349 -131 19 115 -41 -170 -462 350 397 286 -171 -274 45 74 145 342 229 312 259 -819 -285 83 345 337 -423 633 37 435 -96 580 -396 -346 -181 
134 -171 -32 -330 485 100 -294 -913 -391 52 -407 -219 222 383 -208 -74 -7 -703 93 442 -203 -99 473 247 -224 233 -131 13 128 -33 97 -550 502 344 584 -757 107 -390 245 306 401 219 -289 -155 -665 189 -605 330 -129 698 -200 -487 -41 -356 -145 330 482 706 589 225 -317 470 163 334 160 -558 -245 251 -569 415 291 -355 -790 -111 409 286 -102 269 -367 353 -391 -60 257 -230 106 316 -528 -127 121 -281 702 165 -458 -40 -457 -235 271 -346 -238 57 79 -76 16 236 325 -86 173 -377 -292 591 183 -753 -247 317 -444 -20 17 209 -280 -396 275 -19 52 20 -1 -182 -455 51 
-481 -84 -80 168 251 -226 -337 378 -331 452 -87 -311 316 197 -146 -44 -14 -40 108 504 -292 -630 -11 -255 -240 -41 -321 318 461 -262 138 -519 -99 304 119 493 60 756 364 220 -127 -119 201 -178 389 -158 702 -354 121 407 323 -200 -134 358 858 85 -39 -407 -783 661 -24 29 -832 664 595 -629 124 18 -299 -176 -46 384 98 782 280 444 -339 213 -277 -251 266 514 807 1104 264 -590 119 -24 314 -608 -682 356 219 -564 16 815 230 662 202 -33 655 280 -299 -244 -414 234 391 25 -111 145 -83 33 -28 -204 357 -278 -171 -218 130 289 -421 271 -92 -19 137 -342 -343 -64 
-802 183 583 -216 481 -65 192 -410 -192 146 -511 82 567 -237 413 -438 -618 8 212 301 177 275 68 -306 -88 818 270 -779 -521 -354 16 -932 794 -227 566 255 -29 -439 -209 -670 59 -616 375 361 -307 -596 -236 28 -279 375 16 -78 187 136 846 -172 89 378 -124 354 -27 573 93 385 312 20 -187 -97 -384 93 -47 246 -519 352 430 -144 -87 -268 373 67 -248 -13 -104 614 233 278 -264 482 -25 -417 257 -23 52 56 -133 -96 580 -178 -129 216 -61 281 -176 -215 168 -257 -169 -586 553 257 -290 497 43 464 -323 693 -26 -177 -301 349 454 -231 -185 -218 -341 -36 -75 746 
-215 -140 -147 75 567 -220 382 335 382 34 -629 88 -236 -336 -357 487 330 -99 288 -298 -273 -57 299 -147 -141 472 -71 392 -4 -748 200 -48 -237 284 -741 -84 -30 822 -167 105 514 298 -21 -299 -243 -227 -167 -272 485 114 76 -409 43 -671 -569 290 371 -133 -691 -374 222 -47 290 -247 -218 -158 136 16 134 291 164 250 26 520 94 -252 55 -676 -138 152 188 192 -76 -241 -19 -86 -563 200 -92 -164 256 511 160 -124 501 482 -303 303 636 -327 66 324 -90 345 -162 442 84 679 -360 818 538 64 58 26 -362 -226 -394 -517 -404 653 -159 419 -23 -441 231 683 -440 -266 
254 -688 157 -563 -274 356 -208 -303 -298 -614 -421 -439 -78 560 -37 -522 271 370 283 -724 -338 -445 -166 -423 4 -336 -259 138 206 39 -59 138 140 -327 -197 107 27 -122 -107 -122 -459 220 -104 93 311 331 51 -751 -539 301 348 362 472 -602 -226 43 -117 273 169 463 95 77 -440 -239 88 -234 34 154 -635 296 -435 -236 658 599 -105 379 169 -317 -65 26 110 153 172 399 168 -300 -336 185 -384 331 -89 -694 509 12 814 453 -184 -149 126 -255 -19 -45 283 -503 -492 209 10 -336 188 -548 219 147 -1 -167 246 210 -346 120 -102 288 346 747 507 112 404 390 -516 474 
296 385 674 -557 -203 -279 -134 111 350 420 -249 497 -211 -331 -247 -221 634 405 -663 619 -144 116 -279 -225 745 -360 64 -130 8 511 363 -95 -394 179 25 131 -73 -684 601 56 -300 -251 229 -213 2 26 -462 543 312 -227 74 425 600 194 -388 -253 764 125 130 377 223 358 148 -153 -172 475 59 66 -16 440 -255 264 86 -148 -31 -136 759 23 -257 -601 -10 -548 -70 164 56 539 -229 -339 -336 -65 196 -190 -70 -302 -496 67 -292 -208 251 181 67 -304 54 247 243 106 -64 313 182 -208 199 -407 501 -373 -229 669 16 136 -82 440 295 28 -247 -96 369 308 396 143 
403 174 -109 72 6 157 -723 -274 -169 356 26 -240 118 190 560 -622 -185 -31 -295 -445 -199 65 -672 238 -476 -483 555 -143 135 -368 91 -40 -295 -165 -25 -482 -5 124 102 194 -372 -46 -344 -88 18 269 141 296 -219 -572 67 216 -719 38 311 -17 222 -492 -94 -62 123 268 -188 73 57 -526 -343 516 -25 52 266 79 -184 -465 126 170 328 -190 407 67 -32 -404 540 -475 -98 -324 487 -556 -292 113 51 -678 80 323 618 -103 113 -19 350 -31 -170 -182 233 5 -121 -313 -167 451 -53 176 93 88 -507 -55 -22 132 -285 -134 338 369 478 -71 -25 5 468 -5 -467 -335 
124 -357 -758 -112 -608 -320 497 -389 -185 -198 347 -143 -435 -113 -102 -183 422 327 -31 519 -119 -98 -125 268 153 -517 392 -55 98 126 -162 -316 -82 154 -173 -585 -50 -335 128 -205 315 34 656 -423 187 484 -214 -705 -593 -80 -516 -172 -47 528 -511 81 30 63 256 -353 126 385 -220 -191 479 529 379 -94 -93 131 533 486 91 -497 -72 -158 165 -8 -132 442 6 -12 96 -814 -441 403 -636 116 182 -90 682 -283 -369 -184 -358 99 -320 -803 -702 160 -134 16 290 639 -235 -407 148 447 260 294 231 275 281 -328 -45 -284 69 -24 -327 -83 74 -672 -59 -450 -251 696 -196 -84 
-25 603 406 576 373 -542 749 -82 520 -509 -302 -565 -93 49 455 813 208 563 -13 41 90 205 -522 -832 43 -388 194 -187 401 761 -295 -378 -264 196 127 -407 -152 97 -172 343 -101 376 -146 421 -14 -257 324 -42 -283 -159 -170 -580 146 -228 -153 371 -30 -619 121 -330 -233 -212 -152 -324 133 -436 557 198 215 377 367 -508 535 593 -465 -306 333 -439 -83 73 281 110 44 -329 -654 -410 300 -33 215 -248 310 43 -228 297 462 128 -169 242 -153 -402 -476 84 81 317 -81 124 -422 78 -301 -404 171 367 341 52 249 -453 238 367 180 -519 -166 452 -109 161 -34 485 -363 440 
-38 -156 -402 -575 -89 -421 231 -763 -695 -181 326 419 -1058 78 -382 -403 -38 101 100 286 -200 -8 9 177 -717 864 371 28 -450 -337 197 158 246 -365 -188 -117 181 -922 784 124 336 129 -204 -653 147 -170 -339 -149 -581 312 64 508 -504 93 -255 -412 425 188 472 216 69 -151 -34 -425 -216 230 -117 -473 168 155 473 233 -88 -155 -160 479 52 166 92 -646 -346 -296 -619 4 -865 391 297 172 -113 -287 -344 -649 139 -226 -115 93 216 -339 -356 82 400 29 913 147 -602 -59 -27 -216 523 163 338 -271 -68 -21 121 349 72 51 -115 -19 86 316 477 -51 -182 43 -57 -466 
631 -603 336 264 -148 -494 109 446 530 494 -503 125 -228 -744 -813 17 381 46 -128 39 -294 707 46 -419 239 3 502 258 96 -286 537 69 -805 -551 -98 655 244 -213 -495 458 -273 -84 181 514 94 -167 127 -49 352 29 -136 -334 64 -277 -299 742 230 191 312 -181 96 -521 -347 -54 -260 627 111 38 -94 348 -581 625 443 29 -504 -497 138 104 345 -31 -25 92 395 -15 201 616 -42 -255 -415 -355 143 624 8 412 -283 339 272 -651 194 115 -42 -359 -289 -27 594 -343 454 -301 312 79 -96 -67 -195 272 -285 -422 -34 -404 -198 -195 -515 -9 -292 265 56 -452 490 -338 
512 24 -377 318 109 -410 65 -177 820 -691 -135 -184 -456 21 403 -538 -186 516 -194 104 -351 227 240 110 -133 121 553 -5 -289 183 -56 148 900 126 25 576 49 -167 -135 -196 175 -123 -143 -78 142 -83 -11 -158 190 55 -786 99 -153 167 318 466 -333 -745 66 313 -159 426 -350 369 -107 79 1 19 -220 266 -78 417 -267 430 -342 82 136 87 -582 381 -144 709 165 48 -617 343 -42 507 138 -54 282 615 -4 -273 -103 210 163 -719 -74 378 -345 478 44 411 -266 39 42 -444 -682 -141 -61 80 187 -34 159 -400 353 -245 -500 -717 -100 -116 -428 2 -218 497 -171 -123 
-84 334 464 -317 31 -682 59 567 -87 246 645 -284 -92 397 -452 704 167 143 66 118 541 -365 277 -29 -119 68 -144 -28 119 -536 524 131 -270 -237 -184 -154 -736 197 -230 548 -466 669 -59 80 169 576 803 167 571 -554 261 396 272 -116 -130 -730 -472 -165 -127 -398 128 -290 18 754 162 361 570 -437 229 -216 -421 411 209 333 -314 596 592 -756 -492 -2 95 345 -42 -120 240 -147 219 -313 589 159 163 -33 -152 -501 119 180 30 -261 -63 -117 155 -242 364 -3 -394 288 -39 -165 156 79 168 -50 66 -369 641 -579 1002 782 -60 96 -341 214 -131 393 -127 111 310 -8 
189 -11 224 -220 293 96 -252 -206 4 -176 382 -365 -65 167 427 6 -46 190 -667 -73 -472 -16 -146 141 -108 464 276 -305 186 -8 -214 -204 -167 355 610 30 -408 459 509 -232 233 475 -121 -52 -640 198 440 -188 519 -92 697 160 286 777 -516 -358 -336 -429 -607 -25 -432 -94 -64 175 365 189 162 -126 107 -478 251 279 595 -60 246 -482 280 -112 -43 90 210 300 -261 89 -366 -381 71 -838 -244 154 -287 64 54 -646 -902 -725 -459 367 -11 -32 -655 562 86 -659 116 707 7 -95 -425 122 -146 -186 -20 261 131 250 -473 -23 -47 -473 -644 -17 -21 61 592 496 112 164 
-210 154 -202 -480 40 -545 -478 201 52 -226 137 66 145 -139 398 226 -54 -14 -444 301 -435 108 -174 19 -241 -1 -274 128 207 -645 -196 431 -398 134 -191 -523 -196 -141 862 -463 -409 -160 400 193 75 74 235 -200 479 23 457 1114 143 616 231 207 -138 -440 -349 -295 18 373 123 117 163 -70 374 -157 318 288 -281 116 268 324 27 -211 -5 442 -18 194 308 -8 537 465 246 205 -176 -66 -481 -31 -113 -245 597 -104 -107 -446 -350 875 -159 -188 228 259 -113 -416 -312 461 315 282 385 -386 -507 245 40 -660 -118 131 -345 116 -39 113 -357 141 25 -392 -453 45 255 20 
-268 130 89 -497 -174 231 2 -63 -62 204 331 530 79 513 -556 169 -646 136 -210 725 88 -589 -337 176 -518 -206 -362 84 -226 -98 -452 -417 -848 391 204 266 -49 499 142 -57 -396 447 331 -32 -286 -32 313 -163 536 256 565 -347 241 480 -285 -15 347 -107 -573 -406 -120 -368 92 -77 -236 203 -48 310 -269 955 -68 118 -80 -51 276 -311 -371 -220 -259 214 -178 301 236 254 -256 -57 -345 57 127 26 -153 181 -469 36 -463 -229 -269 127 205 -89 51 421 755 267 148 -16 46 -102 -5 307 -498 26 16 -124 -206 862 373 477 -18 -424 -177 452 -254 118 126 80 230 502 
317 -107 364 295 73 558 72 -242 -89 -2 -250 -273 -345 578 -655 -229 -25 -683 -381 -401 225 458 186 -44 -62 -375 -264 256 190 -272 79 112 -2 189 -494 -70 579 -164 73 -253 259 185 10 90 303 527 328 -518 4 312 448 234 -479 -269 -503 133 220 -37 314 162 405 -604 309 -39 -597 -436 -850 -50 395 -384 -374 -235 130 209 377 -589 -484 -301 -83 -3 -429 129 542 -144 -429 218 -1 -363 -243 309 523 101 291 503 765 -188 -1001 -449 -197 -820 -401 470 226 -258 78 361 85 267 -50 -83 162 281 -349 -237 547 146 -13 -76 -764 -246 -539 47 214 -246 226 180 -1016 -569 
341 -410 56 -58 165 59 -543 -219 261 662 -47 102 -80 10 -533 -242 -106 280 498 462 649 317 173 -296 -238 -169 -343 658 96 -283 271 287 179 -253 -486 -368 -264 -82 -100 67 812 -69 -249 -518 -122 -111 191 288 -207 -30 -86 283 131 -182 185 34 188 -285 341 468 -128 -328 -148 302 348 265 -336 77 163 -54 71 -360 -615 573 -1 -283 97 -311 -76 -37 512 -321 -309 100 -261 60 -139 -127 -112 -531 221 51 333 -296 10 480 -18 241 -196 -538 49 -404 188 481 98 379 -197 -100 88 -669 -197 98 148 147 342 392 648 18 -219 301 559 -749 491 102 -342 -389 56 -19 
29 -168 -45 335 327 515 7 850 -337 -38 -300 -90 -22 492 -6 243 -206 -381 -199 -97 442 -650 594 -385 115 -184 431 48 342 300 -585 -568 25 -76 106 -72 -78 326 -91 -113 675 -409 523 17 69 -7 -204 -299 -301 551 -336 2 -378 -127 358 -97 416 509 -243 -416 -108 214 378 -842 -379 -809 -291 1 302 163 -88 -529 -240 -491 262 -81 59 -98 141 -230 -21 228 395 735 -253 3 -130 -80 350 257 -389 233 -152 457 134 -311 435 -367 229 256 -235 26 -472 -389 896 873 35 322 262 738 64 463 -331 -188 219 215 -66 266 -259 97 -214 -177 -128 -334 297 215 -385 15 
-639 -24 -551 -148 421 -270 326 33 657 -186 295 581 -435 -195 -93 -385 -378 632 -376 104 691 -320 408 -62 -52 460 -334 -48 -266 -281 -416 66 55 -375 -198 370 279 -162 208 -422 224 595 386 -475 -672 -63 15 -87 315 79 -307 304 -104 170 -681 -51 162 -397 -452 -294 64 218 -131 -292 -91 227 -442 -959 949 202 175 163 -43 -326 145 46 460 -99 -25 457 211 882 -682 349 -195 388 -169 23 333 92 -176 22 -66 17 -312 172 -202 116 -332 205 17 432 407 291 149 354 239 559 -403 389 -513 -162 -18 -409 678 100 -98 224 -622 638 13 -535 245 153 -118 246 -38 -362 
-197 -5 114 -82 -42 -296 648 352 392 217 292 200 -362 245 -550 38 -49 135 167 -249 -240 156 -515 -170 -133 353 -158 -3 79 397 -567 -923 -590 213 633 610 60 205 -35 575 -197 208 241 -359 -254 -569 -277 -32 -37 -322 171 -64 -222 -382 145 366 184 -125 -90 507 86 193 -219 -284 -182 -47 640 284 169 257 -219 87 50 -446 154 136 229 133 237 -283 60 42 -329 -193 838 158 88 194 -214 -99 -122 -166 5 344 60 -312 -310 -364 -49 210 141 95 270 175 500 -204 -335 135 -31 181 387 -190 48 331 -907 -75 70 106 306 56 244 186 -1169 -379 893 -267 99 623 
-133 -177 -215 105 -610 -228 19 35 93 -212 -459 8 261 -418 408 -104 -245 345 200 511 -21 -850 113 57 232 707 -57 -130 -261 844 110 483 653 -158 961 260 -296 128 558 -449 365 -23 -143 386 118 118 26 -85 -266 445 -226 -41 7 713 242 80 -119 518 112 193 -663 89 542 -501 -539 131 293 -184 -312 522 85 -442 -222 90 -178 232 25 -101 102 -508 -250 -4 430 30 -603 195 221 438 -9 -111 -312 -158 349 -191 -280 441 410 6 159 299 -307 745 553 -148 -134 244 -76 32 92 29 -656 51 73 -115 -143 120 197 -49 -236 194 218 -236 60 -192 59 431 355 -34 
-536 -74 -499 -419 -128 -360 269 27 171 -6 248 216 -10 248 -145 -347 457 218 162 246 -113 23 -302 224 -365 -196 169 -194 -43 -159 -352 -97 -185 116 304 -198 345 -466 -205 104 -219 510 -467 -280 19 -146 -118 -562 283 -783 139 -356 75 -152 349 210 21 -159 -37 -123 38 72 173 -224 3 91 195 -134 192 350 -98 -29 339 -189 93 510 479 376 109 -11 285 -29 -482 -41 502 732 -134 189 130 412 233 -296 -40 -428 -387 -94 -291 165 -41 383 -87 238 -8 -617 -88 -325 14 252 -257 498 -46 -178 -112 -229 -431 -375 -128 -274 287 -37 337 -404 -59 -280 -192 -311 201 157 
279 -25 224 519 -139 450 31 3 -222 -113 -100 -348 -284 -175 164 50 100 617 -205 174 -238 380 -74 -499 -694 -303 282 -696 -11 -407 377 -589 -223 77 46 -389 278 -27 -239 553 -8 198 -348 9 -310 -149 89 422 219 -296 70 56 -723 287 -107 -480 -222 438 -361 -46 156 -217 -107 -262 -57 -333 95 -276 271 -17 470 202 -213 -298 406 -46 -103 -389 642 12 -205 -55 112 -84 161 -83 157 -92 333 -128 207 163 367 291 -307 -690 224 258 30 308 -583 -290 24 725 -194 65 -396 -199 63 302 366 178 -358 -242 -183 142 25 154 259 -162 131 -194 -128 1047 -222 447 -408 -719 
744 -401 594 -409 -331 16 -352 436 227 -300 -241 325 -197 292 -23 127 -9 -92 -85 107 -50 -119 -277 -325 326 -820 -208 528 -1011 572 135 197 186 -165 68 87 74 -800 -395 268 -87 388 -433 144 163 759 222 -61 177 305 -201 494 -837 514 -729 469 456 -244 230 -363 10 -92 464 121 230 101 125 240 603 94 386 -371 281 73 116 -206 -712 -264 -138 409 208 -110 -101 -90 11 191 42 -331 -165 410 -261 217 537 141 72 -175 -534 64 154 -107 -140 -603 -112 -469 -428 -144 -433 430 -671 -918 313 362 196 -421 161 -7 533 162 -235 -377 -49 3 -34 -247 -462 239 -173 -502 
935 585 -220 -448 601 -147 -304 79 78 -26 609 263 -839 -74 196 743 426 11 -92 -225 -209 -725 -117 235 23 -203 -49 -18 355 -226 -349 582 257 -214 119 -31 -299 215 488 263 -489 69 -11 -815 -143 -375 455 76 188 -569 -190 311 317 -429 -503 -420 -207 16 -426 270 45 225 508 -83 -36 79 23 -206 292 -472 -158 19 32 -568 -4 76 885 -471 15 261 44 -202 -642 -258 -357 -198 204 -691 -5 410 -105 6 396 457 60 328 -81 -389 498 -304 -5 -156 73 353 24 -138 -450 -366 -170 272 182 -785 -43 -194 553 648 228 -84 -150 392 491 -276 -91 -604 736 -187 366 -515 
-331 27 36 -81 88 -86 723 -518 -207 81 -99 -442 -133 226 227 -460 -11 -22 -135 279 129 -576 160 -48 -140 227 -191 -176 -156 56 -263 -119 477 -21 248 678 496 73 -459 -448 -20 313 -47 101 232 331 -197 -61 171 -246 -495 -144 -192 312 391 520 -414 -433 -547 150 514 98 -154 -576 224 -503 -425 149 -95 -62 -94 28 107 -646 -386 351 -158 483 -138 -71 472 307 -63 242 -649 136 199 240 493 90 -36 154 -97 -195 491 396 50 -144 320 -597 281 -346 202 396 -705 -155 656 271 127 -279 683 381 -13 189 -343 -63 300 117 369 160 54 -84 211 -575 39 558 -395 111 
282 144 -86 -58 -74 -21 -140 252 445 -822 338 454 -35 298 308 735 -30 259 -405 -788 336 -543 400 -228 -196 -578 47 -945 131 -368 -568 314 -100 10 -463 -227 -473 626 -452 594 -1101 153 213 74 -136 30 115 -289 390 100 481 242 -647 -80 146 -294 -49 -149 -287 -649 -364 278 -573 460 69 346 -240 48 210 47 191 353 95 250 11 -440 521 -107 -484 70 50 241 96 139 192 121 -21 2 560 -20 -80 -558 24 -12 339 71 -365 -593 -485 340 -1022 514 179 135 152 -392 -47 -80 88 71 -154 559 -480 -643 391 -44 -179 371 -652 -114 68 363 253 111 -101 -13 435 -320 
305 424 259 -578 350 14 406 -502 45 -576 -214 -250 -306 696 -437 243 -383 -216 -69 -153 197 82 -805 207 -543 298 274 502 -125 -381 492 -638 373 33 517 -530 -451 -757 500 100 -466 -313 -139 -187 -221 -425 -4 -337 -291 330 574 203 531 324 322 206 116 323 158 532 -249 -230 205 652 143 -569 98 -318 -307 -422 -647 -458 -158 375 -38 -379 50 623 591 323 -404 167 95 -307 -710 -241 265 29 4 869 187 116 221 414 -574 -320 -339 -135 -419 -137 48 250 230 -262 -307 -368 -375 -38 682 113 309 -566 985 62 123 431 -317 75 -61 26 50 204 -75 -330 29 -436 507 513 
178 102 258 -172 -370 -48 24 424 -403 -542 247 248 -707 1 734 139 80 879 192 -257 -206 -364 155 43 -463 -488 693 -148 372 -21 238 98 -153 85 -103 -159 -386 -350 197 195 -93 11 -37 -421 138 -194 234 530 -385 -148 204 642 481 -72 31 -283 542 618 68 394 194 177 -225 -632 -301 -649 10 295 266 486 743 -639 -388 127 569 133 -431 226 464 166 18 165 -447 63 -326 140 -236 174 85 306 21 136 18 -96 -241 -630 192 -8 135 524 -119 -680 -171 61 529 -89 58 283 -133 -362 -497 -19 562 -376 -527 589 374 94 -42 -106 710 264 -80 56 -640 296 345 -140 
261 -696 -167 192 -216 413 245 246 657 611 477 803 805 533 -224 -477 137 137 162 30 -208 -348 530 -36 547 -167 90 -693 -405 473 -632 -435 381 21 257 63 150 205 -952 197 384 -451 263 143 -763 176 114 -599 188 -53 -267 -569 -318 89 500 -872 577 -321 -148 22 123 -69 -292 -158 -344 267 -462 135 -137 -274 297 455 -251 437 372 -243 645 -415 -232 -520 -49 -114 -334 42 -51 -262 -113 269 693 57 654 -74 -112 -412 471 50 -169 181 -301 226 47 83 625 108 509 -357 -322 -568 -253 445 93 569 -551 -634 241 49 148 -229 212 612 -73 -410 162 538 216 -109 451 -202 
-214 290 -117 204 136 272 -58 315 -224 -271 -143 -334 9 166 -228 378 125 191 264 -172 126 -272 359 -345 -232 -21 101 -66 81 -568 -510 -169 106 -154 -112 -301 -460 246 20 157 -140 45 444 -144 79 358 167 -63 128 -136 -455 276 27 -62 -111 67 -35 -431 -387 284 60 -13 -791 668 476 420 -349 -649 757 -1083 -322 281 -220 535 616 77 -65 65 109 142 111 366 13 61 65 27 -563 334 -224 -220 -331 -2 240 -348 33 -30 -123 -87 4 190 -295 -64 -143 -250 -438 -442 211 -139 123 227 134 98 654 -659 616 121 -42 776 -372 371 -181 97 303 191 -112 100 437 -80 
-516 -112 -663 -18 -531 -479 393 277 -2 -687 94 73 -159 -132 -1 561 68 92 279 349 249 16 -302 320 644 117 414 570 -111 487 -452 396 196 41 -26 135 287 308 -250 -200 73 -414 706 106 413 -352 -351 130 -1111 286 156 -314 -180 170 164 -55 -583 -124 -481 -283 149 -22 -199 -120 359 328 254 -310 -39 219 -418 287 158 -17 -367 -244 -376 566 143 -651 526 122 -156 60 -302 209 466 341 -1 -138 4 310 -189 390 80 -38 1032 -50 -50 283 393 -33 325 -86 48 183 202 446 265 480 -470 339 359 -315 -750 -86 13 23 296 252 155 29 73 -688 178 190 422 -9 
-284 233 337 -462 -65 145 -73 234 652 -5 -172 449 654 160 176 185 -87 -192 204 -91 227 655 25 -52 -79 -169 331 204 -10 -654 -509 -504 68 439 -253 225 411 -350 -206 739 70 417 174 520 -392 374 148 -40 483 -126 93 72 -696 312 114 -560 220 -140 41 35 -101 -324 -186 146 43 130 280 -13 189 51 286 494 -166 57 392 -349 46 -26 349 -23 243 176 66 -86 -469 317 317 -318 271 32 85 7 -429 236 -640 -439 -96 -250 -474 -367 -51 855 -76 141 460 202 -18 -102 -58 1046 -442 68 -34 -783 338 73 89 66 284 -193 -532 -138 289 -135 740 -387 141 -117 
-452 49 99 -446 534 -814 330 -260 -659 129 -337 -135 316 -116 218 -72 78 263 -576 -509 -834 -444 -218 -455 5 277 -146 -573 200 -262 369 -39 -232 181 357 -166 567 -368 126 20 198 -469 -25 421 -264 -442 -56 235 -86 -55 -194 534 818 -332 -427 494 -108 503 -399 303 -221 45 210 23 -220 -493 -103 95 145 -411 -433 80 334 -255 -116 13 -123 -76 523 293 -375 -60 223 -12 421 705 -6 -152 -268 -242 764 -412 -124 92 304 -13 -430 -10 685 448 -131 -215 48 -164 313 -172 578 -250 -154 179 353 -70 -661 -217 46 492 -974 -244 -200 -12 165 148 -525 576 -418 -47 -140 598 
154 -395 -893 334 112 24 -351 -116 -276 215 -404 -640 423 314 251 -305 62 170 858 -214 -320 -402 -293 -539 -540 30 -113 551 225 19 -394 -322 490 94 -7 -425 -278 112 74 -510 491 38 -143 390 -253 121 187 113 255 -127 -283 84 -134 -880 330 186 -319 -207 301 852 -651 -122 39 -29 -124 -436 662 230 -420 250 422 -464 -492 400 163 419 331 63 -105 3 -305 102 -10 -531 -405 -307 -99 -18 242 -195 403 783 344 -441 247 126 48 -376 190 -318 -250 -60 220 -50 378 83 -191 -400 468 903 -138 -106 34 -220 264 -43 455 47 -193 91 128 -196 361 226 423 233 -457 306 
-270 -29 -69 186 404 -108 587 -283 -1 53 261 -272 211 -88 543 94 65 339 -410 346 16 48 192 -5 173 -165 -274 232 -134 -335 181 158 820 39 468 -112 -341 59 16 -533 60 54 -145 33 -138 406 15 190 104 643 -68 -343 215 -160 353 486 353 -233 495 131 -244 362 7 190 256 -670 -361 -61 -49 24 -104 -283 -344 572 -167 292 -72 562 -285 191 153 273 -129 -122 -276 73 337 39 313 172 540 389 460 104 141 -97 -216 695 -616 -6 374 -244 -97 -12 -179 91 273 -115 -410 -293 430 110 25 -46 70 -539 308 -211 300 284 -349 90 343 15 -896 30 -380 4 
-158 470 -221 -265 755 -26 146 -571 383 -1307 218 -81 -324 410 293 35 121 223 -518 -267 607 52 -34 87 164 375 116 -256 -433 -173 -10 414 409 6 141 -237 -195 -62 -45 -139 -593 96 54 230 -588 419 -385 151 35 913 334 552 -137 283 -161 26 -55 -617 415 -233 540 704 350 915 -233 80 62 -379 178 341 -16 -40 254 562 -156 -657 122 -76 -29 237 -72 77 -348 340 -305 -446 393 -78 131 77 230 105 182 -31 127 62 -399 -330 -458 -28 -413 -82 102 -943 -45 384 -137 472 -441 -484 89 216 60 -363 442 202 -558 606 -13 108 81 242 312 248 -107 328 85 34 
-16 0 414 87 144 -521 -344 552 88 330 615 -628 287 -187 -106 -70 389 -182 612 705 368 482 100 297 105 247 -192 717 212 220 138 -70 317 201 134 136 26 188 -120 366 -350 59 -268 -66 215 -387 -141 -25 620 -485 -68 546 -70 -272 -186 -430 -142 261 -76 303 541 -379 729 -167 184 30 108 229 21 -666 -1 202 274 -52 -19 168 91 152 194 155 134 -147 -615 -240 -83 298 -131 423 -24 -167 39 197 -79 -96 79 79 152 36 289 75 478 -356 -22 -100 -330 354 -43 434 -322 -38 287 -194 -112 384 126 -124 -158 -229 15 137 -308 -377 275 -157 -113 -436 -168 -534 
50 284 -160 410 180 208 455 -154 -195 -479 -217 -127 826 58 -347 -242 -406 -247 -163 -447 836 -238 -7 947 -91 659 421 -958 -71 -8 -468 272 0 351 -184 312 -171 297 -476 20 168 352 257 281 -191 452 -571 -114 -181 60 583 -125 -331 -634 438 -56 -274 25 -150 -371 333 203 18 143 -731 -72 -85 160 -556 210 0 94 -50 -235 402 76 -146 -372 -37 -404 22 -20 -59 -668 245 -126 490 73 195 -445 337 -97 -365 -141 90 40 22 -369 -368 228 -397 139 378 149 -284 -97 626 840 181 373 -129 -70 -674 440 312 -110 78 -39 266 -161 -64 -138 -576 -191 164 -485 50 -2 
-257 65 -266 567 -259 491 727 258 759 -673 404 27 204 388 -207 -785 -215 -152 347 733 -140 477 -465 -260 -479 -221 -153 96 -310 310 -643 -600 162 97 260 -117 193 -170 -339 -460 -212 371 25 -26 252 -160 146 -708 -252 -30 -62 208 -9 -844 -114 4 -347 -626 -52 -116 260 -136 -204 366 -53 209 -472 -254 -524 131 -357 135 -110 207 -64 134 192 417 -240 -250 50 -380 -70 14 442 90 339 141 779 396 -268 -65 -121 -620 -88 205 -143 56 -1280 29 652 -7 569 205 -97 -336 -153 -50 -145 325 -76 312 81 -506 -468 -264 518 86 -227 41 -412 119 -426 -143 -107 -468 264 586 
-372 29 326 49 667 -249 366 -424 270 533 -132 -28 619 -244 262 -332 -362 251 -143 504 293 -675 731 -436 -182 -83 -391 -387 98 135 123 552 136 169 216 99 -236 741 132 442 125 331 -297 -389 217 -255 159 -469 438 -335 -160 189 345 41 371 13 307 59 41 513 9 -128 761 -516 -163 320 41 -429 -275 296 191 -468 310 947 -122 -110 -162 0 -691 502 445 -59 81 121 -369 -359 -125 672 414 -488 -77 -233 82 -159 -8 1006 -38 586 145 -154 -494 479 194 535 -204 176 -168 -186 -54 -1085 -69 333 -204 247 400 10 81 -671 259 -165 147 -149 -17 -370 -432 -391 -116 -242 
-450 -541 -82 -110 -290 -331 9 192 120 238 37 128 297 -223 -428 -464 -335 367 -642 96 -130 440 -209 180 287 -205 -379 -148 -92 113 140 -213 -180 76 582 382 435 4 79 217 153 -237 -126 -146 -112 155 -385 19 -44 -242 772 73 -591 323 230 84 -395 -4 -261 -293 -81 580 -75 297 18 149 -81 115 301 37 -133 -143 -21 -259 119 -276 247 -263 216 481 -47 303 726 -156 278 -599 875 75 -94 520 514 -152 301 483 119 -382 -50 517 -315 -154 -211 82 -115 220 180 -129 225 722 -800 398 378 -127 -359 75 189 -231 -38 -394 72 -221 -142 -220 -456 -171 198 164 -328 590 
-62 469 -84 166 -188 -446 -65 -154 -834 397 21 87 -199 -453 882 118 -155 -86 88 410 -235 169 -723 37 -71 151 97 568 -367 -259 612 -307 -33 178 854 236 245 132 77 -189 -276 -159 336 168 235 336 117 379 209 -160 -544 485 -466 656 26 -482 184 -177 231 289 -396 193 259 758 25 -342 -89 481 -27 38 335 324 85 -448 -364 184 -213 116 539 134 558 -44 100 -1176 -375 109 282 194 -8 -203 273 110 136 123 -323 -407 176 424 421 -309 945 -315 -320 -630 -1098 125 -233 105 -263 73 -63 18 -252 -363 46 -277 -66 -389 -71 88 -183 172 201 235 -730 270 -195 39 
-112 -695 -192 -219 293 262 -335 -122 -18 207 88 174 -341 183 -324 -167 -162 571 255 203 75 -144 345 222 -73 -635 92 90 -98 -273 -306 -500 -420 295 472 259 564 232 339 -57 380 430 -195 -1106 -593 -110 417 292 -339 247 244 -203 -648 -484 -895 -419 -98 -289 -149 -288 24 -213 123 45 -162 310 61 -331 112 128 -152 403 224 130 -194 275 433 53 178 117 -247 47 -119 236 363 120 -30 -163 208 109 102 -477 -427 -312 -351 -286 -342 -10 -128 -378 -113 -243 -78 294 349 509 24 133 -132 246 560 35 -18 -849 340 476 7 -226 -62 -359 540 581 248 -691 -68 -353 154 31 
496 339 -222 -480 -328 -74 -12 141 0 -961 -11 -45 -126 -20 -298 665 -281 26 536 -51 155 -224 -173 132 320 554 23 927 -413 292 -158 -48 560 -69 127 -186 -100 322 -299 74 169 94 831 -408 -39 -268 -86 -225 -606 468 -526 224 -231 -361 533 272 472 146 232 -47 -233 250 -3 131 352 257 38 94 337 -206 104 -409 -853 190 287 -352 -238 220 181 -361 -106 -147 -591 -370 -538 700 -461 645 693 60 -191 457 106 1031 100 95 522 -186 -196 197 -329 325 146 98 -445 -87 -429 -74 -158 156 33 -267 383 -75 -393 -201 601 81 -418 -252 425 170 84 -342 -149 290 231 -100 
55 95 -297 477 187 98 -57 -125 -40 373 -257 -254 404 -669 -45 -49 179 480 -206 235 -197 -592 238 -110 -511 -224 -307 -154 -283 -81 -127 -715 86 -257 118 354 269 -86 484 -152 -166 140 -36 670 -55 -56 232 -281 697 -59 -29 -523 -281 549 159 436 -362 -124 -407 730 -533 -100 577 278 131 -153 -17 217 401 45 86 141 -94 -374 -239 87 910 -798 -53 183 312 -229 545 -273 -546 11 -78 -221 421 149 115 470 231 119 -154 150 -24 -91 275 -458 -632 87 543 864 -427 127 -399 -314 -279 740 -472 -2 -704 357 366 625 183 -368 -136 44 -88 -740 -146 714 97 85 -775 366 
102 15 -229 -122 -190 235 120 410 387 -103 -423 -106 130 332 -465 -36 -109 56 -255 -87 -25 147 210 -561 -219 143 -276 457 -287 -306 11 -527 731 -375 264 292 -46 -25 5 -240 18 -167 -8 -223 -569 -385 367 -287 191 -82 -312 111 -165 96 354 -66 -28 -262 -548 551 -190 -200 -186 449 -645 130 231 -118 203 -519 -153 194 -682 758 174 -55 178 -177 110 -98 -147 547 96 685 -484 -296 132 -178 172 240 -245 337 -5 285 189 -378 9 -167 600 120 -98 513 -329 -398 124 504 -18 -485 -212 259 605 218 -412 -25 730 61 -96 -160 -91 510 -505 294 133 96 292 156 42 297 
-121 -699 9 543 74 326 -82 -232 579 571 -226 -482 -101 -25 14 -174 391 73 554 -463 350 -149 278 144 -387 -579 354 -299 460 -505 34 156 -56 -303 -323 -649 218 386 -110 113 266 252 238 -283 -8 3 16 -82 -527 386 187 227 -124 244 -398 351 -270 -53 -36 -239 -143 -309 -201 -309 376 -120 -427 69 -480 -348 560 487 36 330 -229 188 -68 -393 -218 374 -158 429 270 199 -219 -152 -643 -32 157 -173 -117 -15 -478 -427 343 187 -720 -457 367 -447 361 477 336 483 452 202 463 104 -93 107 -30 419 27 -418 666 214 -467 48 -201 -136 288 -250 326 -151 -274 -220 -366 141 
-106 451 -318 535 -221 482 -2 170 -408 -427 -214 -216 397 -84 594 302 4 324 -218 -87 313 154 -208 -10 207 -6 78 298 -179 73 -335 -51 -130 269 -227 -25 -110 101 -340 -449 355 -98 -130 -310 193 157 301 37 -275 156 -607 55 589 -176 -417 92 -467 -120 243 14 277 333 333 341 139 -101 207 -51 111 -514 -379 490 257 -267 428 -116 367 -310 -239 -357 -16 -139 -7 -210 119 -54 43 -991 -409 90 98 -251 7 -480 -72 -33 324 28 182 -89 -70 -248 -91 -338 113 86 -721 211 -243 6 -305 148 -628 508 9 -226 -420 -7 -120 820 -67 -787 52 284 737 143 136 30 
-276 -367 -313 -123 759 103 30 -384 -155 658 -459 -101 -57 -412 346 -6 -10 381 31 -15 -477 -364 47 -331 -168 162 -291 182 -92 -244 50 -437 -209 248 4 -168 289 724 428 -180 724 368 3 -136 -406 -241 116 -439 83 782 -137 289 -149 125 -546 557 292 -259 205 -105 -441 225 24 -766 654 -38 278 -486 391 756 43 253 -316 653 198 444 24 -60 -559 -331 220 140 -152 179 16 -173 -375 -349 -139 -450 -246 385 113 -403 -134 -203 -237 541 518 -199 -24 -123 422 29 -90 67 -464 -109 399 135 -203 -258 -494 99 29 148 -539 -304 -250 127 -269 387 441 -53 5 231 -367 22 
750 -18 149 -491 315 -787 -92 -57 26 337 -224 118 -167 79 -442 141 353 88 61 -8 -190 284 -392 596 1132 -196 267 293 -21 36 344 39 -639 539 142 -218 428 -803 125 14 -253 -315 494 30 302 73 -237 -4 269 292 488 134 463 217 -426 119 507 -457 321 -293 -90 399 -124 493 168 415 213 113 34 286 159 469 563 609 517 -565 -328 594 175 198 7 -314 574 301 204 140 -367 -329 -828 -136 687 -160 29 -119 -149 138 -319 -34 -143 -67 -527 260 109 -293 -156 -363 15 267 524 -236 245 -277 165 133 -253 -73 297 -325 225 -541 -281 329 -419 14 -99 -185 -175 377 
-15 -228 165 54 382 -23 -762 -78 292 398 -9 265 457 250 -1 -46 104 92 388 -74 59 460 -283 -493 212 -51 -647 270 273 -74 -352 36 291 -477 -403 -538 587 -350 -180 -557 58 -152 -13 771 -270 -44 -209 -101 259 223 447 529 249 -405 -63 288 518 -272 402 -132 -347 48 275 -39 242 -398 -560 75 -184 302 72 -279 340 328 213 -254 -291 -130 218 61 67 -267 456 186 295 157 45 -457 -53 181 -153 -317 604 123 764 -5 311 393 -152 -797 -47 -187 523 -413 399 347 216 -67 -628 -167 -595 509 -270 207 447 235 30 -156 -219 -80 -67 228 -40 -119 396 -611 -999 203 
-420 397 -507 -359 -101 -396 450 338 34 -1080 -375 27 -408 -29 -60 29 397 170 -677 -174 13 219 -31 -223 23 22 498 171 -282 7 -134 237 90 -468 -135 -460 142 -105 -103 344 -85 -468 411 -122 -329 -10 -683 -45 -438 68 180 -369 -175 -62 111 -244 -136 46 42 -276 -191 -56 -73 -284 190 -2 -198 -163 -51 387 -241 379 327 49 -536 -66 631 614 256 103 -121 49 -410 -193 -172 264 -116 645 97 322 -18 -183 106 -51 -673 -27 500 -467 227 478 -108 254 -217 -332 133 269 73 -567 214 386 200 -231 62 -488 228 -528 -315 120 163 -149 161 159 -1 -268 111 567 -145 29 
112 84 432 93 296 234 210 153 164 301 419 355 629 -186 -5 227 572 -237 67 -466 -94 197 -927 -621 -106 -546 -403 12 457 492 -85 -575 -13 -85 299 209 -617 -194 62 84 -47 -282 -70 155 162 -343 -540 376 -64 -171 117 381 367 -329 196 326 32 500 302 373 -427 225 -258 -386 615 -167 -43 -132 68 -200 -368 -1075 -127 -508 -920 128 221 -116 270 408 -244 -73 -88 -689 -235 -449 481 -134 -665 133 266 673 243 222 312 -445 -225 -25 268 127 408 -1012 200 512 355 -587 142 -39 31 -362 286 59 448 381 228 326 -355 220 -175 -110 -37 212 -153 235 -573 -379 -160 194 
